T <-
41
smolts_tot <-
c(0, 0, 0, 7624, 14545, 30676, 16482, 52110, 9534, 8306, 23273, 
34105, 37464, 39279, 47307, 39403, 28010, 59814, 48165, 22000, 
66310, 35767, 33870, 35000, 20800, 6300, 3180, 8750, 11630, 12965, 
150085, 166065, 185654, 211824, 213501, 277593, 176473, 247906, 
254932, 251408, 320817, 414579, 326650, 274568)
s_smolt <-
0.000442
L_p_area <-
structure(c(-6.9, -6.9, -1.10395276, -0.44311071, -0.7537718, 
-1.57151868, -0.08404944, -6.899999821, -0.08404944, -1.52995684, 
-0.08404944, -1.70356676, -1.70356676, -1.65822808, -1.10395276, 
-1.10395276, -1.10395276, -1.10395276, -1.10395276, -1.10395276, 
-6.899999821, -6.899999821, -0.59713253, -0.08404944, -0.27369583, 
-0.44311071, -0.37223946, -6.899999821, -6.899999821, 0.33098902, 
-0.37638121, -0.37638121, -0.01200014, -6.899999821, -0.2614797, 
-6.899999821, -0.05651221, 2.06051353, -0.21551962, -6.899999821, 
5.252273, -6.9, -6.9, -6.89999982, -6.89999982, -6.89999982, 
-6.89999982, -6.89999982, -6.89999982, -6.89999982, -6.89999982, 
-6.89999982, -6.89999982, -6.89999982, -6.89999982, -6.89999982, 
-6.89999982, -6.89999982, -6.89999982, -6.89999982, -6.89999982, 
-6.89999982, -6.89999982, -6.89999982, -6.89999982, -6.89999982, 
-6.89999982, 6.899971, -6.8999998, -6.8999998, 1.8458267, 0, 
1.8458267, 1.8458267, -6.8999998, 0.9808293, -6.8999998, 6.899971, 
6.899971, -6.899999821, -6.899999821, 6.89997, -6.9, -6.9, -0.2076394, 
-0.3483067, -0.3483067, 1.8325815, 6.899971, -6.8999998, 6.899971, 
1.8325815, 6.899971, 6.899971, 6.899971, 6.899971, 6.899971, 
1.8325815, 1.8325815, 1.3437347, 0.7985077, 0.7985077, -6.8999998, 
-6.8999998, 6.899971, 6.899971, 6.899971, 6.899971, 6.899971, 
-6.8999998, -6.8999998, 6.899971, 6.899971, 6.899971, 6.899971, 
-6.8999998, 6.899971, -6.8999998, -6.8999998, 6.899971, 6.899971, 
-6.899999821, 6.899971, -6.9, -6.9, -6.89999982, -6.89999982, 
-6.89999982, -6.89999982, -6.89999982, -6.89999982, -6.89999982, 
-6.89999982, -6.89999982, -6.89999982, -6.89999982, 6.89997099, 
6.89997099, -6.89999982, -6.89999982, -6.89999982, -6.89999982, 
-6.89999982, -6.89999982, -6.89999982, -1.7227666, -0.1925931, 
0.84078318, 0.84078318, 0.84078318, -6.89999982, -6.89999982, 
0.84078318, 0.84078318, 1.5293952, 1.5293952, -6.89999982, 1.27046255, 
-6.89999982, -6.89999982, 1.62596721, 1.62596721, -6.899999821, 
1.625967), .Dim = c(41L, 4L))
R <-
structure(c(NA, NA, 168, 166, 41, 50, 399, NA, 598, 6, 692, 22, 
NA, 2, 136, 137, 105, 56, 59, 10, NA, NA, 132, 86, 58, 57, 69, 
NA, NA, 70, 115, 92, 79, NA, 115, NA, 7, 194, 172, NA, 187, NA, 
NA, NA, NA, NA, NA, NA, NA, NA, NA, NA, NA, NA, NA, NA, NA, NA, 
NA, NA, NA, NA, NA, NA, NA, NA, NA, 12, NA, NA, 82, 15, 32, 42, 
NA, 58, NA, 14, 27, NA, NA, 22, NA, NA, 120, 39, 32, 93, 190, 
NA, 202, 31, 273, 47, 31, 194, 216, 144, 89, 96, 92, 21, NA, 
NA, 58, 58, 132, 34, 88, NA, NA, 93, 159, 69, 50, NA, 83, NA, 
NA, 133, 130, NA, 114, NA, NA, 0, 0, 0, 0, 0, 0, 0, 0, 0, NA, 
NA, 116, 42, NA, NA, NA, NA, NA, NA, NA, 7, 14, 85, 66, 43, NA, 
NA, 136, 67, 169, 31, NA, 43, NA, NA, 80, 27, NA, 50), .Dim = c(41L, 
4L))
min_N_V <-
c(2, 2, 2, 2, 2, 2, 2, 2, 2, 2, 2, 2, 2, 2, 2, 2, 2, 2, 2, 2, 
2, 2, 2, 2, 2, 2, 2, 2, 2, 662, 2, 2, 2, 2, 2, 2, 2, 2, 2, 2, 
2)
N <-
structure(c(NA, NA, NA, NA, NA, NA, NA, NA, NA, NA, NA, NA, NA, 
NA, NA, NA, NA, NA, NA, NA, NA, NA, 389, 267, 515, 379, 400, 
541, 1238, NA, 510, 950, 572, 421, 491, 227, 755, 861, 819, 595, 
1177, NA, NA, NA, NA, NA, NA, NA, NA, NA, NA, NA, NA, NA, NA, 
NA, NA, NA, NA, NA, NA, NA, NA, NA, NA, NA, NA, NA, NA, NA, NA, 
NA, NA, NA, NA, NA, NA, NA, NA, NA, NA, NA, NA, NA, NA, NA, NA, 
NA, NA, NA, NA, NA, NA, NA, NA, NA, NA, NA, NA, NA, NA, NA, NA, 
NA, NA, NA, NA, NA, NA, NA, NA, NA, NA, NA, NA, NA, NA, NA, NA, 
NA, NA, NA, NA, 0, 0, 0, 0, 0, 0, 0, 0, 0, 0, 0, 10, 43, 110, 
21, 4, 3, 11, 9, 23, 6, 67, 35, 31, 130, 112, 53, 40, 154, 89, 
74, 153, 53, 39, 14, 26, 118, 59, 45, 57, 85), .Dim = c(41L, 
4L))
C_dwn <-
c(420, 439, 77, 124, 190, 318, 819, 388, 169, 286, 438, 614, 
385, 731, 260, 196, 0, 0, 0, 0, 0, 0, 0, 0, 0, 0, 0, 0, 0, 0, 
0, 0, 0, 0, 0, 0, 0, 0, 0, 0, 0)
C_up <-
c(1190, 700, 315, 220, 200, 1280, 514, 1163, 410, 314, 807, 72, 
91, 425, 140, 88, 135, 110, 112, 0, 0, 0, 0, 0, 0, 0, 0, 0, 0, 
0, 0, 0, 0, 0, 0, 0, 0, 0, 0, 0, 0)
S_stocking <-
c(0, 0, 14, 34, 44, 52, 48, 64, 38, 5, 40, 10, 20, 9, 5, 8, 10, 
16, 4, 0, 0, 15, 8, 3, 20, 20, 25, 40, 103, 63, 47, 27, 17, 39, 
49, 14, 50, 50, 50, 24, 50)
min_L <-
c(1, 1, 1, 1, 1, 1, 1, 1, 1, 1, 1, 1, 1, 1, 1, 1, 1, 1, 1, 1, 
1, 1, 1, 1, 1, 1, 1, 1, 189, 216, 142, 246, 107, 95, 1, 1, 1, 
1, 1, 1, 1)
calib <-
17
EF_IA <-
c(52, 82, 131, 120, 159, 15, 21, 21, 61, 61, 108, 49, 5, 176, 
26, 66, 24)
S <-
c(1210, 2880, 464, 1134.3, 751.2, 1854, 1192.5, 752, 828, 1400, 
890, 1239, 3000, 1946, 1193, 2047, 743)
C_1 <-
c(222, 136, 83, 221, 296, 50, 46, 21, 140, 408, 239, 267, 40, 
874, 115, 662, 65)
C_2 <-
c(68, 121, 34, 132, 60, 21, 31, 14, 45, 197, 71, 117, 19, 357, 
29, 202, 13)
S_juv_JP <-
structure(c(846021, 846021, 846021, 846021, 846021, 846021, 846021, 
846021, 846021, 846021, 846021, 846021, 846021, 846021, 846021, 
846021, 846021, 846021, 846021, 846021, 846021, 846021, 846021, 
846021, 846021, 846021, 846021, 846021, 846021, 846021, 846021, 
846021, 846021, 846021, 846021, 846021, 846021, 846021, 846021, 
846021, 846021, 846021, 70845, 70845, 70845, 70845, 70845, 70845, 
70845, 70845, 70845, 70845, 70845, 70845, 70845, 70845, 70845, 
70845, 70845, 70845, 70845, 70845, 70845, 70845, 70845, 70845, 
70845, 70845, 70845, 70845, 70845, 356519, 356519, 356519, 356519, 
356519, 356519, 356519, 356519, 356519, 356519, 356519, 356519, 
356519, 250441, 250441, 250441, 250441, 250441, 250441, 250441, 
250441, 250441, 250441, 250441, 250441, 250441, 250441, 250441, 
250441, 250441, 250441, 250441, 250441, 250441, 250441, 250441, 
250441, 250441, 250441, 250441, 250441, 250441, 250441, 250441, 
250441, 250441, 250441, 250441, 250441, 250441, 250441, 250441, 
250441, 250441, 250441, 0, 0, 0, 0, 0, 0, 0, 0, 0, 0, 0, 301101, 
301101, 301101, 301101, 301101, 301101, 301101, 301101, 301101, 
301101, 301101, 301101, 383049, 383049, 383049, 383049, 383049, 
383049, 383049, 383049, 383049, 383049, 383049, 383049, 383049, 
383049, 383049, 383049, 383049, 383049, 383049), .Dim = c(42L, 
4L))
S_juv_JP_dev <-
structure(c(0, 0, 0, 0, 0, 0, 0, 0, 0, 0, 0, 0, 0, 0, 0, 0, 0, 
0, 0, 0, 0, 0, 0, 0, 0, 0, 0, 0, 0, 0, 0, 216472, 275698, 558073, 
621241, 622844, 569638, 690406, 587754, 554346, 590742, 0, 0, 
0, 0, 0, 0, 0, 0, 0, 0, 0, 0, 0, 0, 0, 0, 0, 0, 0, 0, 0, 0, 0, 
0, 0, 0, 0, 0, 0, 0, 0, 144274, 266848, 282069, 356519, 356519, 
267620, 299970, 340877, 307366, 121293, 0, 0, 0, 0, 0, 0, 0, 
0, 0, 0, 0, 0, 0, 0, 0, 0, 0, 0, 0, 0, 0, 0, 0, 0, 0, 0, 0, 0, 
0, 0, 250441, 250441, 0, 0, 0, 0, 0, 0, 0, 0, 0, 0, 0, 0, 0, 
0, 0, 0, 0, 0, 0, 0, 0, 0, 0, 0, 0, 0, 0, 0, 0, 0, 0, 0, 0, 0, 
0, 0, 0, 0, 0, 147351, 383049, 127087, 0, 0, 0, 0, 0, 0, 0, 0
), .Dim = c(41L, 4L))
J <-
structure(c(0, 0, 0, 2, 1, 0, 0, 0, 1, 1, 3, 1, 1, 1, 1, 2, 0, 
0, 0, 0, 0, 0, 0, 0, 0, 0, 0, 0, 0, 0, 0, 0, 0, 0, 0, 0, 0, 0, 
0, 0, 0, 0, 0, 0, 0, 0, 0, 0, 0, 0, 0, 0, 0, 0, 0, 0, 0, 0, 0, 
0, 0, 0, 0, 0, 0, 0, 0, 0, 0, 0, 0, 0, 0, 0, 0, 0, 0, 0, 0, 0, 
0, 0, 3, 0, 0, 5, 5, 0, 1, 4, 4, 3, 5, 2, 3, 2, 3, 3, 0, 0, 0, 
0, 0, 0, 0, 0, 0, 0, 0, 0, 0, 0, 0, 0, 0, 0, 0, 0, 0, 0, 0, 0, 
0, 0, 0, 0, 0, 0, 0, 0, 0, 0, 0, 1, 0, 0, 1, 3, 4, 0, 0, 0, 0, 
0, 0, 0, 0, 0, 0, 0, 0, 0, 0, 0, 0, 0, 0, 0, 0, 0, 0, 0, 0, 0
), .Dim = c(41L, 4L))
S_depl_V <-
structure(c(NA, NA, NA, 4000, 2880, NA, NA, NA, 4200, 4200, 1378, 
640, 480, 750, 1398, 512, NA, NA, NA, 3860, NA, NA, NA, NA, NA, 
NA, 870, NA, NA, NA, NA, 1398, NA, NA, NA, NA, NA, NA, NA, NA, 
NA, NA, 2178, NA, NA, NA, NA, NA), .Dim = c(16L, 3L))
C_1_V <-
structure(c(NA, NA, NA, 247, 44, NA, NA, NA, 133, 197, 41, 26, 
53, 49, 134, 14, NA, NA, NA, 808, NA, NA, NA, NA, NA, NA, 19, 
NA, NA, NA, NA, 54, NA, NA, NA, NA, NA, NA, NA, NA, NA, NA, 21, 
NA, NA, NA, NA, NA),