T <-
49
smolts_tot <-
c(0, 0, 0, 7624, 14545, 30676, 16482, 52110, 9534, 8306, 23273, 
34105, 37464, 39279, 47307, 39403, 28010, 59814, 48165, 22000, 
66310, 35767, 33870, 35000, 20800, 6300, 3180, 8750, 11630, 12965, 
150085, 166065, 185654, 211824, 213501, 277593, 176473, 247906, 
254932, 251408, 320817, 414579, 329203, 227420, 129094, 0, 0, 
0, 0, 0, 0, 0)
s_smolt <-
0.000379
S_stocking <-
c(0, 0, 14, 34, 44, 52, 48, 64, 38, 5, 40, 10, 20, 9, 5, 8, 10, 
16, 4, 0, 0, 15, 8, 3, 20, 20, 25, 40, 103, 63, 47, 27, 17, 39, 
49, 14, 50, 50, 50, 24, 50, 31, 81, 47, 27, 26, 30, 26, 7)
L_p_area <-
structure(c(-6.9000000000000004, -6.9000000000000004, -1.1039527600000001, 
-0.44311071000000002, -0.75377179999999999, -1.5715186800000001, 
-0.084049440000000003, -6.8999998209999998, -0.084049440000000003, 
-1.5299568400000001, -0.084049440000000003, -1.70356676, -1.70356676, 
-1.65822808, -1.1039527600000001, -1.1039527600000001, -1.1039527600000001, 
-1.1039527600000001, -1.1039527600000001, -1.1039527600000001, 
-6.8999998209999998, -6.8999998209999998, -0.59713252999999999, 
-0.084049440000000003, -0.27369582999999997, -0.44311071000000002, 
-0.37223946000000002, -6.8999998209999998, -6.8999998209999998, 
0.33098902000000002, -0.37638121000000002, -0.37638121000000002, 
-0.012000139999999999, -6.8999998209999998, -0.26147969999999998, 
-6.8999998209999998, -0.05651221, 2.0605135300000001, -0.21551962, 
-6.8999998209999998, 5.2522729999999997, -6.8999998209999998, 
5.2522729999999997, 0.16705410000000001, -6.8999997999999998, 
-0.1880522, -0.1880522, -6.8999997999999998, -0.1880522, -6.9000000000000004, 
-6.9000000000000004, -6.8999998199999997, -6.8999998199999997, 
-6.8999998199999997, -6.8999998199999997, -6.8999998199999997, 
-6.8999998199999997, -6.8999998199999997, -6.8999998199999997, 
-6.8999998199999997, -6.8999998199999997, -6.8999998199999997, 
-6.8999998199999997, -6.8999998199999997, -6.8999998199999997, 
-6.8999998199999997, -6.8999998199999997, -6.8999998199999997, 
-6.8999998199999997, -6.8999998199999997, -6.8999998199999997, 
-6.8999998199999997, -6.8999998199999997, -6.8999998199999997, 
-6.8999998199999997, 6.8999709999999999, -6.8999997999999998, 
-6.8999997999999998, 1.8458266999999999, 0, 1.8458266999999999, 
1.8458266999999999, -6.8999997999999998, 0.98082930000000002, 
-6.8999997999999998, 6.8999709999999999, 6.8999709999999999, 
-6.8999998209999998, -6.8999998209999998, 6.8999709999999999, 
-6.8999997999999998, 6.8999709999999999, 6.8999709999999999, 
-6.8999998199999997, 2.3025850999999999, 1.2237750000000001, 
-6.8999998199999997, -6.9000000000000004, -6.9000000000000004, 
-6.9000000000000004, -0.2076394, -0.34830670000000002, -0.34830670000000002, 
1.8325815000000001, 6.8999709999999999, -6.8999997999999998, 
6.8999709999999999, 1.8325815000000001, 6.8999709999999999, 6.8999709999999999, 
6.8999709999999999, 6.8999709999999999, 6.8999709999999999, 1.8325815000000001, 
1.8325815000000001, 1.3437346999999999, 0.79850770000000004, 
0.79850770000000004, -6.8999997999999998, -6.8999997999999998, 
6.8999709999999999, 6.8999709999999999, 6.8999709999999999, 6.8999709999999999, 
6.8999709999999999, -6.8999997999999998, -6.8999997999999998, 
6.8999709999999999, 6.8999709999999999, 6.8999709999999999, 6.8999709999999999, 
-6.8999997999999998, 6.8999709999999999, -6.8999997999999998, 
-6.8999997999999998, 6.8999709999999999, 6.8999709999999999, 
-6.8999998209999998, 6.8999709999999999, -6.8999997999999998, 
6.8999709999999999, -6.8999997999999998, -6.8999997999999998, 
6.8999709999999999, 6.8999709999999999, -6.8999997999999998, 
6.8999709999999999, -6.9000000000000004, -6.9000000000000004, 
-6.8999998199999997, -6.8999998199999997, -6.8999998199999997, 
-6.8999998199999997, -6.8999998199999997, -6.8999998199999997, 
-6.8999998199999997, -6.8999998199999997, -6.8999998199999997, 
-6.8999998199999997, -6.8999998199999997, 6.8999709899999999, 
6.8999709899999999, -6.8999998199999997, -6.8999998199999997, 
-6.8999998199999997, -6.8999998199999997, -6.8999998199999997, 
-6.8999998199999997, -6.8999998199999997, -1.7227665999999999, 
-0.19259309999999999, 0.84078317999999996, 0.84078317999999996, 
0.84078317999999996, -6.8999998199999997, -6.8999998199999997, 
0.84078317999999996, 0.84078317999999996, 1.5293952, 1.5293952, 
-6.8999998199999997, 1.27046255, -6.8999998199999997, -6.8999998199999997, 
1.62596721, 1.62596721, -6.8999998209999998, 1.6259669999999999, 
-6.8999998199999997, 1.6259669999999999, -6.8999998199999997, 
-6.8999998199999997, 1.6259672000000001, 1.6259669999999999, 
-6.8999998199999997, 1.6259669999999999), .Dim = c(49L, 4L))
R <-
structure(c(NA, NA, 168, 166, 41, 50, 399, NA, 598, 6, 692, 22, 
NA, 2, 136, 137, 133, 70, 67, 12, NA, NA, 169, 107, 65, 57, 75, 
NA, NA, 72, 125, 91, 67, NA, 133, NA, 7, 194, 172, NA, 186, NA, 
200, 1, NA, 107, 93, NA, 31, NA, NA, NA, NA, NA, NA, NA, NA, 
NA, NA, NA, NA, NA, NA, NA, NA, NA, NA, NA, NA, NA, NA, NA, NA, 
NA, NA, 12, NA, NA, 80, 15, 34, 34, NA, 47, NA, 14, 27, NA, NA, 
23, NA, 44, 11, NA, 14, 15, NA, NA, NA, NA, 120, 39, 32, 93, 
190, NA, 202, 31, 273, 47, 31, 194, 216, 144, 61, 82, 84, 19, 
NA, NA, 25, 41, 125, 34, 82, NA, NA, 89, 149, 69, 44, NA, 65, 
NA, NA, 133, 130, NA, 114, NA, 40, NA, NA, 37, 33, NA, 5, NA, 
NA, 0, 0, 0, 0, 0, 0, 0, 0, 0, NA, NA, 116, 42, NA, NA, NA, NA, 
NA, NA, NA, 3, 10, 85, 66, 43, NA, NA, 135, 69, 179, 51, NA, 
43, NA, NA, 80, 27, NA, 50, NA, 18, NA, NA, 50, 23, NA, 8), .Dim = c(49L, 
4L))
N <-
structure(c(NA, NA, NA, NA, NA, NA, NA, NA, NA, NA, NA, NA, NA, 
NA, NA, NA, NA, NA, NA, NA, NA, NA, 389, 267, 515, 379, 400, 
541, 1238, NA, 510, 950, 572, 421, 491, 227, 755, 861, 819, 595, 
1177, 472, 754, 389, 406, 356, 264, 246, 96, NA, NA, NA, NA, 
NA, NA, NA, NA, NA, NA, NA, NA, NA, NA, NA, NA, NA, NA, NA, NA, 
NA, NA, NA, NA, NA, NA, NA, NA, NA, NA, NA, NA, NA, NA, NA, NA, 
NA, NA, NA, NA, NA, NA, NA, NA, NA, NA, NA, NA, NA, NA, NA, NA, 
NA, NA, NA, NA, NA, NA, NA, NA, NA, NA, NA, NA, NA, NA, NA, NA, 
NA, NA, NA, NA, NA, NA, NA, NA, NA, NA, NA, NA, NA, NA, NA, NA, 
NA, NA, NA, NA, NA, NA, NA, NA, NA, NA, NA, NA, NA, NA, 0, 0, 
0, 0, 0, 0, 0, 0, 0, 0, 0, 10, 43, 110, 21, 4, 3, 11, 9, 23, 
6, 67, 35, 31, 130, 112, 53, 40, 154, 89, 74, 153, 53, 39, 14, 
26, 118, 59, 45, 57, 85, 27, 28, 19, NA, NA, NA, NA, NA), .Dim = c(49L, 
4L))
N_langeac_obs <-
c(NA, NA, NA, NA, NA, NA, NA, NA, NA, NA, NA, NA, NA, NA, NA, 
NA, NA, NA, NA, NA, NA, NA, NA, NA, NA, NA, NA, NA, NA, 216, 
142, 246, 107, 95, NA, NA, NA, NA, NA, NA, NA, 169, 103, 102, 
123, 86, 57, 22, 21)
min_N_V <-
c(2, 2, 2, 2, 2, 2, 2, 2, 2, 2, 2, 2, 2, 2, 2, 2, 2, 2, 2, 2, 
2, 2, 2, 2, 2, 2, 2, 2, 2, 662, 2, 2, 2, 2, 2, 2, 2, 2, 2, 2, 
2, 2, 2, 2, 2, 2, 2, 2, 2)
C_dwn <-
c(420, 439, 77, 124, 190, 318, 819, 388, 169, 286, 438, 614, 
385, 731, 260, 196, 0, 0, 0, 0, 0, 0, 0, 0, 0, 0, 0, 0, 0, 0, 
0, 0, 0, 0, 0, 0, 0, 0, 0, 0, 0, 0, 0, 0, 0, 0, 0, 0, 0)
C_up <-
c(1190, 700, 315, 220, 200, 1280, 514, 1163, 410, 314, 807, 72, 
91, 425, 140, 88, 135, 110, 112, 0, 0, 0, 0, 0, 0, 0, 0, 0, 0, 
0, 0, 0, 0, 0, 0, 0, 0, 0, 0, 0, 0, 0, 0, 0, 0, 0, 0, 0, 0)
calib <-
21
EF_IA <-
c(52, 82, 131, 120, 159, 15, 21, 21, 61, 61, 108, 49, 5, 176, 
26, 66, 24, 148, 63, 33, 11)
S <-
c(1210, 2880, 464, 1134.3, 751.20000000000005, 1854, 1192.5, 
752, 828, 1400, 890, 1239, 3000, 1946, 1193, 2047, 743, 830, 
1000, 645, 777)
C_1 <-
c(222, 136, 83, 221, 296, 50, 46, 21, 140, 408, 239, 267, 40, 
874, 115, 662, 65, 429, 319, 59, 20)
C_2 <-
c(68, 121, 34, 132, 60, 21, 31, 14, 45, 197, 71, 117, 19, 357, 
29, 202, 13, 255, 85, 20, 5)
